392
394
392
391
391
395
392
393
390
393
392
388
392
392
393
394
392
390
390
392
392
392
394
393
391
390
391
391
392
392
393
392
391
392
391
393
392
393
391
390
395
394
390
393
392
393
392
390
394
391
390
394
393
388
392
394
392
393
389
392
396
391
392
393
393
392
393
392
395
393
393
392
390
392
392
389
391
391
393
392
391
394
394
389
393
394
391
393
394
390
393
392
395
394
392
393
392
393
393
395
391
393
391
393
393
393
395
391
393
392
394
394
393
393
392
393
392
394
393
392
390
396
393
392
393
392
392
390
392
391
395
392
392
393
395
392
390
394
393
392
396
392
393
391
391
391
391
395
390
392
393
393
392
393
394
391
393
395
390
390
395
393
394
393
390
393
396
394
393
394
394
393
394
392
393
394
393
394
392
394
395
392
395
393
395
389
391
392
391
394
395
392
395
393
393
394
391
392
391
396
391
395
392
390
392
391
393
394
391
393
394
391
392
393
395
393
394
391
392
394
392
394
393
392
394
394
394
392
392
391
393
392
390
391
391
392
393
390
393
393
391
390
392
394
393
391
394
392
392
396
393
394
390
391
395
392
