0110110110101000110010111110100101111010110100100100010000010101001111101001010010101100110001010001110010001001000110110111101001000001110101110011001111111100110110110100001010010011010000111100110100010110110011111111001000011101111000010000100111101011
1100010011000011101001010001010011101011111100011101011101000110011110000111011110101011111110101100110001010010100000010000011011000010011111011110101011001000111110111110010101110100111010010011001000001001111011110111100011100110110101001001110010101110
0010010100101100001011110000000111110010010100000000110011010100100001100001001010010010110001010010100000010110010111001101101110101100000111100111011110011101001111011100001010111001000010001100101101000111111001101100011001000101110100110111100111010010
0010010100010110011110010100111111111011110101101000101010100000111000000100011011001000000000100111000010000111101110011100010010110101100000111001000010011111001110110000100011100000101010110101001110000001100111000011000100000001001101100011111111100010
0010010101001010001111100010001110110001111110010110100011010000111001110000001101100000110000000000100001010011010100011000101110101001011101101101100110011001011101101101101001101000000001001101001001100111010110111011001000100101010111111010000001110000
1101011010000111010000101111111110101000011000111111011100100001110001011110101001111110001110011010001110101100110011110010010111011011010110100101111101100100110001010101100110001111010101011100010000010010000100000000011111110101100110110100010111010010
0110010101011000110010110011110111111110000110101111110010010100000011101001000011101100110100100000101110111000000111111100101101000000011101100111001010011111000111011100011010110001100010110010101001010010110110101010101000000101100101110110101011000000
0111001100101001101001000110010100001110010001011011011100101100110101111110000100010011111110001000011010111100001001110011010101011011100000011101110010010001100011001011110000100110111101001000011010101010010101000000010101111110110010011010000111111011
1001101100001101000101101101101101010100101011111101100100100111110110001101110100000010100101110000100110000111001001101011001010111110101011001110001101110011110010100010111000100010100111000111011110011101110000000101001010110010011100110110010100101100
1000111101011111110000000111000111110110110001001010011000001111100101011110111001001100011001111100011000111100011011111010010110011011011010110000110111010001000001101110000101010110011101101000010011001010010000000011010110010100110010100111001010011111
